[0m[0m [0m [0m [0m [0m [0m [0m [0m [0m [0m [0m [0m [0m [0m [0m [0m [0;38;2;89;42;12m▄[38;2;103;51;13;48;2;169;88;16m▀[38;2;84;37;7;48;2;125;58;9m▀[0;38;2;75;29;3m▄[0m [0m [0m [0m [0m [0m [0m [0m [0m [0m [0m [0m [0m [0m [0m [0m [0m
[0m[0m [0m [0m [0m [0m [0m [0m [0m [0m [0m [0m [0m [0m [0m [0m [0m [38;2;105;54;23;48;2;120;67;35m▀[38;2;212;124;40;48;2;212;129;49m▀[38;2;113;50;6;48;2;111;48;4m▀[38;2;80;32;4;48;2;83;35;4m▀[0m [0m [0m [0m [0m [0m [0m [0m [0m [0m [0m [0m [0m [0m [0m [0m [0m
[0m[0m [0m [0m [0m [0m [0m [0m [0m [0m [0m [0m [0m [0m [0m [0m [0;38;2;31;5;3m▄[38;2;110;58;29;48;2;149;93;51m▀[38;2;217;133;52;48;2;206;129;55m▀[38;2;121;54;4;48;2;157;83;16m▀[38;2;85;36;5;48;2;69;26;1m▀[0;38;2;92;39;7m▄[0m [0m [0m [0m [0m [0m [0m [0m [0m [0m [0m [0m [0m [0m [0m [0m
[0m[0m [0m [0m [0m [0m [0m [0m [0m [0;38;2;63;15;0m▄[0;38;2;122;56;6m▄[38;2;0;0;0;48;2;133;66;10m▀[38;2;0;0;0;48;2;147;74;10m▀[38;2;40;19;1;48;2;148;58;3m▀[38;2;120;44;0;48;2;87;24;0m▀[38;2;119;68;35;48;2;142;89;46m▀[38;2;192;122;64;48;2;156;98;49m▀[38;2;220;144;69;48;2;94;44;14m▀[38;2;208;128;53;48;2;123;68;27m▀[38;2;196;119;47;48;2;202;125;51m▀[38;2;183;105;34;48;2;211;130;53m▀[38;2;142;73;19;48;2;215;133;54m▀[38;2;86;35;5;48;2;200;114;29m▀[38;2;40;7;0;48;2;98;41;4m▀[38;2;0;0;0;48;2;105;40;3m▀[38;2;0;0;0;48;2;148;76;11m▀[38;2;0;0;0;48;2;140;70;10m▀[38;2;0;0;0;48;2;119;57;8m▀[0;38;2;93;35;4m▄[0;38;2;37;10;1m▄[0m [0m [0m [0m [0m [0m [0m [0m
[0m[0m [0m [0m [0m [0m [0m [0;38;2;121;50;1m▄[38;2;75;31;3;48;2;239;147;55m▀[38;2;221;120;29;48;2;255;173;86m▀[38;2;254;138;21;48;2;253;133;18m▀[38;2;255;146;20;48;2;209;86;4m▀[38;2;228;102;8;48;2;127;51;5m▀[38;2;155;59;3;48;2;214;120;18m▀[38;2;149;61;4;48;2;255;138;19m▀[38;2;134;48;3;48;2;255;132;16m▀[38;2;141;45;0;48;2;255;128;14m▀[38;2;192;80;2;48;2;255;141;21m▀[38;2;119;45;2;48;2;245;128;19m▀[38;2;75;33;14;48;2;162;62;3m▀[38;2;129;74;31;48;2;142;46;0m▀[38;2;143;86;37;48;2;127;41;0m▀[38;2;117;65;23;48;2;119;40;0m▀[38;2;69;19;0;48;2;146;64;7m▀[38;2;196;74;1;48;2;166;85;12m▀[38;2;238;115;10;48;2;124;47;4m▀[38;2;255;143;19;48;2;196;77;3m▀[38;2;255;140;21;48;2;255;131;18m▀[38;2;233;122;17;48;2;252;134;20m▀[38;2;120;55;7;48;2;254;140;20m▀[38;2;27;3;0;48;2;90;37;4m▀[0m [0m [0m [0m [0m [0m [0m
[0m[0m [0m [0m [0m [0m [38;2;41;13;0;48;2;167;75;5m▀[38;2;222;124;35;48;2;255;175;78m▀[38;2;255;182;102;48;2;244;152;64m▀[38;2;248;144;46;48;2;255;124;8m▀[38;2;239;104;2;48;2;189;66;0m▀[38;2;141;51;3;48;2;174;89;14m▀[38;2;229;126;20;48;2;255;140;20m▀[38;2;255;138;20;48;2;244;125;19m▀[38;2;245;127;19;48;2;250;130;19m▀[38;2;246;129;20;48;2;250;129;19m▀[38;2;245;129;20;48;2;251;130;19m▀[38;2;246;127;19;48;2;251;131;19m▀[38;2;250;131;20;48;2;249;130;19m▀[38;2;255;138;19;48;2;245;128;19m▀[38;2;255;130;15;48;2;245;129;20m▀[38;2;255;127;15;48;2;243;129;20m▀[38;2;255;133;17;48;2;243;128;20m▀[38;2;255;137;19;48;2;246;128;19m▀[38;2;255;142;21;48;2;243;125;18m▀[38;2;229;129;20;48;2;255;141;20m▀[38;2;122;47;4;48;2;194;105;16m▀[38;2;223;101;8;48;2;150;57;2m▀[38;2;250;133;20;48;2;254;134;18m▀[38;2;255;139;19;48;2;248;129;19m▀[38;2;195;98;13;48;2;255;135;20m▀[38;2;20;2;0;48;2;92;38;4m▀[0m [0m [0m [0m [0m [0m
[0m[0m [0m [0m [0m [38;2;83;33;3;48;2;118;58;18m▀[38;2;238;125;18;48;2;255;165;65m▀[38;2;255;139;30;48;2;246;128;17m▀[38;2;249;131;19;48;2;254;131;18m▀[38;2;248;107;4;48;2;226;85;3m▀[38;2;151;56;3;48;2;151;68;8m▀[38;2;226;122;18;48;2;255;138;21m▀[38;2;254;133;20;48;2;248;129;19m▀[38;2;248;128;19;48;2;248;129;19m▀[38;2;250;130;19;48;2;254;135;20m▀[38;2;253;133;19;48;2;210;111;16m▀[38;2;241;130;19;48;2;60;31;4m▀[38;2;245;132;19;48;2;98;51;7m▀[38;2;251;130;19;48;2;236;126;18m▀[38;2;250;130;19;48;2;252;132;19m▀[38;2;250;129;19;48;2;247;129;19m▀[38;2;255;136;20;48;2;176;91;13m▀[38;2;255;138;20;48;2;176;92;14m▀[38;2;253;131;19;48;2;236;124;18m▀[38;2;249;129;19;48;2;252;132;19m▀[38;2;249;130;19;48;2;246;127;19m▀[38;2;248;133;20;48;2;255;139;21m▀[38;2;137;56;4;48;2;147;66;7m▀[38;2;240;115;12;48;2;215;96;8m▀[38;2;250;131;20;48;2;255;136;21m▀[38;2;255;140;20;48;2;253;132;19m▀[38;2;171;83;11;48;2;228;118;17m▀[38;2;8;0;0;48;2;41;11;1m▀[0m [0m [0m [0m [0m
[0m[0m [0m [0m [0m [38;2;176;88;16;48;2;218;113;14m▀[38;2;255;149;36;48;2;255;135;15m▀[38;2;244;127;20;48;2;244;129;20m▀[38;2;255;130;16;48;2;255;125;13m▀[38;2;186;67;1;48;2;160;58;0m▀[38;2;179;91;14;48;2;212;111;17m▀[38;2;254;139;21;48;2;255;135;19m▀[38;2;247;128;19;48;2;248;129;19m▀[38;2;247;128;19;48;2;250;130;19m▀[38;2;255;138;20;48;2;251;130;19m▀[38;2;190;101;15;48;2;249;130;19m▀[38;2;19;10;1;48;2;228;121;18m▀[38;2;76;39;6;48;2;242;128;19m▀[38;2;239;128;19;48;2;255;139;20m▀[38;2;253;133;19;48;2;255;142;21m▀[38;2;215;115;17;48;2;227;123;18m▀[38;2;2;0;0;48;2;112;57;9m▀[38;2;11;5;1;48;2;131;68;10m▀[38;2;224;120;17;48;2;253;133;19m▀[38;2;254;134;20;48;2;250;131;19m▀[38;2;244;125;19;48;2;247;128;19m▀[38;2;255;140;21;48;2;255;138;20m▀[38;2;167;83;11;48;2;193;99;14m▀[38;2;182;76;5;48;2;159;64;4m▀[38;2;255;138;20;48;2;255;137;19m▀[38;2;245;128;19;48;2;243;126;20m▀[38;2;251;136;18;48;2;255;144;29m▀[38;2;101;43;5;48;2;161;77;10m▀[38;2;48;13;0;48;2;14;3;0m▀[0m [0m [0m [0m
[0m[0m [0m [0m [38;2;85;32;3;48;2;127;57;7m▀[38;2;251;132;19;48;2;255;139;20m▀[38;2;250;131;20;48;2;246;127;18m▀[38;2;247;131;20;48;2;251;133;21m▀[38;2;255;119;11;48;2;250;113;10m▀[38;2;150;56;1;48;2;146;55;3m▀[38;2;232;122;19;48;2;241;127;20m▀[38;2;255;133;19;48;2;253;131;19m▀[38;2;249;130;19;48;2;250;130;19m▀[38;2;250;130;19;48;2;250;130;19m▀[38;2;250;130;19;48;2;250;130;19m▀[38;2;249;128;19;48;2;245;128;19m▀[38;2;255;137;20;48;2;255;143;21m▀[38;2;219;115;16;48;2;107;55;8m▀[38;2;138;72;10;48;2;0;0;0m▀[38;2;132;69;10;48;2;0;0;0m▀[38;2;174;90;13;48;2;69;36;5m▀[38;2;248;136;20;48;2;255;141;21m▀[38;2;255;136;20;48;2;250;130;19m▀[38;2;251;130;19;48;2;248;129;19m▀[38;2;250;130;19;48;2;250;130;19m▀[38;2;248;129;19;48;2;248;129;19m▀[38;2;255;136;20;48;2;255;135;19m▀[38;2;211;110;17;48;2;216;112;17m▀[38;2;148;58;3;48;2;146;55;3m▀[38;2;255;133;17;48;2;255;130;17m▀[38;2;243;128;21;48;2;243;127;19m▀[38;2;255;150;43;48;2;255;135;17m▀[38;2;191;96;13;48;2;207;107;15m▀[38;2;11;2;0;48;2;31;8;1m▀[0m [0m [0m [0m
[0m[0m [0m [0m [38;2;138;65;8;48;2;138;65;8m▀[38;2;255;139;21;48;2;255;139;21m▀[38;2;245;126;18;48;2;245;126;18m▀[38;2;253;135;21;48;2;253;135;21m▀[38;2;244;108;8;48;2;241;106;8m▀[38;2;144;57;3;48;2;142;55;3m▀[38;2;244;130;20;48;2;244;131;20m▀[38;2;251;130;19;48;2;251;130;19m▀[38;2;250;130;19;48;2;250;130;19m▀[38;2;250;130;19;48;2;249;129;19m▀[38;2;249;129;19;48;2;254;133;19m▀[38;2;252;133;20;48;2;238;124;18m▀[38;2;122;63;9;48;2;15;8;1m▀[38;2;21;11;2;48;2;0;0;0m▀[38;2;5;3;0;48;2;5;2;0m▀[38;2;2;1;0;48;2;4;2;0m▀[38;2;49;24;3;48;2;0;0;0m▀[38;2;148;80;12;48;2;3;1;0m▀[38;2;239;124;18;48;2;226;118;17m▀[38;2;252;131;20;48;2;255;133;19m▀[38;2;249;129;19;48;2;249;129;19m▀[38;2;248;128;19;48;2;247;128;19m▀[38;2;255;137;20;48;2;255;139;20m▀[38;2;203;106;16;48;2;183;93;14m▀[38;2;148;54;2;48;2;160;57;1m▀[38;2;255;131;16;48;2;255;132;16m▀[38;2;244;128;20;48;2;244;127;21m▀[38;2;255;136;22;48;2;254;132;15m▀[38;2;220;116;16;48;2;228;120;15m▀[38;2;44;12;2;48;2;53;16;2m▀[0m [0m [0m [0m
[0m[0m [0m [0m [38;2;133;61;7;48;2;103;43;5m▀[38;2;255;139;20;48;2;255;136;20m▀[38;2;245;126;18;48;2;247;128;19m▀[38;2;253;135;20;48;2;251;134;20m▀[38;2;239;106;8;48;2;245;106;8m▀[38;2;140;55;4;48;2;138;53;3m▀[38;2;244;131;20;48;2;243;129;20m▀[38;2;251;130;19;48;2;252;130;19m▀[38;2;250;130;19;48;2;250;130;19m▀[38;2;248;129;19;48;2;247;128;19m▀[38;2;255;134;20;48;2;255;136;20m▀[38;2;222;115;17;48;2;199;105;15m▀[38;2;13;7;0;48;2;3;1;0m▀[38;2;0;0;0;48;2;30;15;2m▀[38;2;0;0;0;48;2;55;27;4m▀[38;2;0;0;0;48;2;48;25;4m▀[38;2;0;0;0;48;2;17;8;1m▀[38;2;39;20;3;48;2;58;30;5m▀[38;2;244;127;19;48;2;252;133;19m▀[38;2;252;131;19;48;2;250;130;19m▀[38;2;250;130;19;48;2;250;130;19m▀[38;2;247;127;19;48;2;246;127;19m▀[38;2;255;140;20;48;2;255;140;21m▀[38;2;163;82;12;48;2;147;71;9m▀[38;2;176;63;1;48;2;193;71;2m▀[38;2;255;132;17;48;2;255;131;15m▀[38;2;245;127;18;48;2;245;130;23m▀[38;2;253;147;47;48;2;255;174;94m▀[38;2;231;129;31;48;2;218;130;45m▀[38;2;55;15;0;48;2;43;8;0m▀[0m [0m [0m [0m
[0m[0m [0m [0m [0;38;2;102;42;3m▀[38;2;242;127;18;48;2;203;103;14m▀[38;2;252;133;19;48;2;255;138;20m▀[38;2;249;132;20;48;2;245;130;20m▀[38;2;251;110;9;48;2;255;116;10m▀[38;2;136;51;1;48;2;136;49;0m▀[38;2;238;126;19;48;2;230;120;19m▀[38;2;254;132;19;48;2;255;133;19m▀[38;2;250;130;19;48;2;249;130;19m▀[38;2;246;127;19;48;2;249;129;19m▀[38;2;255;140;20;48;2;251;132;19m▀[38;2;160;85;13;48;2;231;120;18m▀[38;2;3;0;0;48;2;205;106;15m▀[38;2;155;86;13;48;2;238;126;18m▀[38;2;237;136;20;48;2;253;136;20m▀[38;2;208;116;16;48;2;243;129;19m▀[38;2;21;10;2;48;2;168;87;13m▀[38;2;69;36;5;48;2;193;100;14m▀[38;2;255;138;20;48;2;252;133;19m▀[38;2;248;128;19;48;2;249;130;19m▀[38;2;250;130;19;48;2;250;130;19m▀[38;2;246;128;19;48;2;249;129;19m▀[38;2;255;140;21;48;2;255;136;20m▀[38;2;139;63;7;48;2;132;55;5m▀[38;2;209;81;4;48;2;227;94;7m▀[38;2;255;132;15;48;2;255;132;14m▀[38;2;244;134;33;48;2;246;140;43m▀[38;2;255;179;96;48;2;255;178;93m▀[38;2;191;107;33;48;2;136;67;18m▀[38;2;11;1;0;48;2;21;0;0m▀[0m [0m [0m [0m
[0m[0m [0m [0m [0m [38;2;149;68;9;48;2;90;35;3m▀[38;2;255;141;20;48;2;249;131;18m▀[38;2;243;129;20;48;2;249;133;20m▀[38;2;255;122;12;48;2;255;126;13m▀[38;2;139;48;0;48;2;148;51;0m▀[38;2;214;113;17;48;2;193;101;15m▀[38;2;255;135;19;48;2;255;138;20m▀[38;2;248;129;19;48;2;248;128;19m▀[38;2;250;130;19;48;2;250;130;19m▀[38;2;250;130;19;48;2;250;130;19m▀[38;2;255;133;19;48;2;249;130;19m▀[38;2;255;136;20;48;2;248;129;19m▀[38;2;252;131;19;48;2;249;130;19m▀[38;2;248;128;19;48;2;250;130;19m▀[38;2;250;130;19;48;2;250;130;19m▀[38;2;255;138;20;48;2;247;129;19m▀[38;2;255;135;19;48;2;248;129;19m▀[38;2;250;129;19;48;2;250;130;19m▀[38;2;250;130;19;48;2;250;130;19m▀[38;2;249;129;19;48;2;248;128;19m▀[38;2;253;131;19;48;2;255;135;20m▀[38;2;242;129;20;48;2;216;116;17m▀[38;2;127;48;3;48;2;134;49;3m▀[38;2;242;107;9;48;2;248;116;7m▀[38;2;252;130;15;48;2;247;141;42m▀[38;2;252;161;75;48;2;255;179;95m▀[38;2;239;155;72;48;2;163;86;24m▀[38;2;68;20;0;48;2;31;1;0m▀[0m [0m [0m [0m [0m
[0m[0m [0m [0m [0m [0m [38;2;188;91;13;48;2;81;30;3m▀[38;2;255;145;21;48;2;245;129;19m▀[38;2;254;128;14;48;2;255;134;17m▀[38;2;163;58;1;48;2;188;66;1m▀[38;2;166;85;13;48;2;135;64;9m▀[38;2;255;140;20;48;2;255;140;21m▀[38;2;247;127;19;48;2;246;128;19m▀[38;2;250;130;19;48;2;250;130;19m▀[38;2;250;130;19;48;2;250;130;19m▀[38;2;250;130;19;48;2;250;130;19m▀[38;2;250;130;19;48;2;250;130;19m▀[38;2;250;130;19;48;2;250;130;19m▀[38;2;250;130;19;48;2;250;130;19m▀[38;2;250;130;19;48;2;250;130;19m▀[38;2;250;130;19;48;2;250;130;19m▀[38;2;250;130;19;48;2;250;130;19m▀[38;2;250;130;19;48;2;250;130;19m▀[38;2;250;130;19;48;2;250;130;19m▀[38;2;246;127;19;48;2;247;128;19m▀[38;2;255;138;20;48;2;255;139;20m▀[38;2;187;99;15;48;2;154;74;11m▀[38;2;154;57;2;48;2;190;74;2m▀[38;2;254;126;11;48;2;253;131;20m▀[38;2;251;143;40;48;2;255;143;19m▀[38;2;252;145;41;48;2;159;75;6m▀[38;2;73;23;0;48;2;17;1;0m▀[0m [0m [0m [0m [0m [0m
[0m[0m [0m [0m [0m [0m [0;38;2;3;0;0m▀[0;38;2;138;63;9m▀[38;2;255;145;20;48;2;126;57;9m▀[38;2;241;96;3;48;2;226;102;6m▀[38;2;116;46;3;48;2;127;40;0m▀[38;2;249;132;19;48;2;202;107;16m▀[38;2;249;128;19;48;2;255;144;21m▀[38;2;249;130;19;48;2;244;126;19m▀[38;2;250;130;19;48;2;246;127;19m▀[38;2;250;130;19;48;2;246;127;19m▀[38;2;250;130;19;48;2;247;128;19m▀[38;2;248;128;19;48;2;253;134;20m▀[38;2;249;129;19;48;2;249;130;19m▀[38;2;250;131;19;48;2;247;127;19m▀[38;2;250;130;19;48;2;248;128;19m▀[38;2;250;130;19;48;2;247;128;19m▀[38;2;250;130;19;48;2;247;127;19m▀[38;2;249;129;19;48;2;245;126;19m▀[38;2;252;131;19;48;2;255;144;21m▀[38;2;227;124;19;48;2;160;78;12m▀[38;2;121;44;3;48;2;177;67;1m▀[38;2;230;105;9;48;2;255;141;17m▀[38;2;255;148;22;48;2;185;94;14m▀[38;2;207;108;14;48;2;52;15;2m▀[0;38;2;46;11;2m▀[0;38;2;17;0;0m▀[0m [0m [0m [0m [0m [0m
[0m[0m [0m [0m [0m [0m [0m [0m [0m [0m [0m [0;38;2;116;53;7m▀[38;2;219;118;16;48;2;54;13;1m▀[38;2;255;138;21;48;2;112;49;6m▀[38;2;255;138;20;48;2;141;67;9m▀[38;2;255;139;20;48;2;144;69;9m▀[38;2;255;137;20;48;2;121;54;6m▀[38;2;234;122;17;48;2;59;19;2m▀[38;2;249;131;19;48;2;110;49;6m▀[38;2;255;140;20;48;2;198;101;14m▀[38;2;254;136;20;48;2;212;109;15m▀[38;2;255;136;20;48;2;205;104;14m▀[38;2;255;137;20;48;2;192;99;14m▀[38;2;255;141;20;48;2;132;62;8m▀[38;2;197;104;16;48;2;48;12;1m▀[38;2;101;33;1;48;2;44;10;0m▀[38;2;195;81;4;48;2;23;8;0m▀[38;2;123;57;8;48;2;0;0;0m▀[38;2;18;3;0;48;2;0;0;0m▀[0m [0m [0m [0m [0m [0m [0m [0m [0m
